gov_cols <- c(
  purple      = "#2E358B",
  pink        = "#D53880",
  mellow_red  = "#DF3034",
  yellow      = "#FFBF47",
  turquoise   = "#28A197",
  mauve       = "#6F72AF",
  baby_pink   = "#F499BE",
  orange      = "#F47738",
  green       = "#006435",
  light_blue  = "#2B8CC4",
  fuschia     = "#912B88",
  red         = "#B10E1E",
  brown       = "#B58840",
  grass_green = "#85994B"
)
